
SYMMETRICAL COMPONENT PHASE-PHASE VOLTAGES BY BUS (for 3-phase buses)

Bus       Mag:   V1 (kV)    p.u.     V2 (kV)   %V2/V1    V0 (kV)    %V0/V1

150          12.47          1   4.3E-006  3.449E-005 1.64E-015 1.315E-014
150r         12.63      1.012  8.862E-006  7.019E-005 2.274E-015 1.801E-014
149          12.63      1.012  8.863E-006  7.02E-005 2.274E-015 1.801E-014
1            12.61      1.011   0.003657      0.029 1.929E-015 1.53E-014
2            7.286     0.5843          0          0         0         0
3             7.28     0.5838          0          0         0         0
7             12.6      1.011   0.006246    0.04956 2.034E-015 1.614E-014
4             7.28     0.5838          0          0         0         0
5            7.279     0.5837          0          0         0         0
6            7.278     0.5837          0          0         0         0
8             12.6       1.01   0.007931    0.06296 1.929E-015 1.532E-014
12           7.281     0.5839          0          0         0         0
9            7.263     0.5824          0          0         0         0
13           12.59      1.009    0.01019    0.08096 2.034E-015 1.616E-014
9r           7.308     0.5861          0          0         0         0
14           7.307      0.586          0          0         0         0
34           7.266     0.5827          0          0         0         0
18           12.58      1.009     0.0104    0.08272 1.64E-015 1.304E-014
11           7.307     0.5859          0          0         0         0
10           7.307     0.5859          0          0         0         0
15           7.266     0.5827          0          0         0         0
16           7.265     0.5826          0          0         0         0
17           7.266     0.5826          0          0         0         0
19           7.249     0.5813          0          0         0         0
21           12.58      1.009    0.01056    0.08395 1.929E-015 1.534E-014
20           7.248     0.5812          0          0         0         0
22           7.274     0.5833          0          0         0         0
23           12.58      1.009     0.0108     0.0859 2.274E-015 1.808E-014
24           7.258      0.582          0          0         0         0
25           12.58      1.009    0.01108    0.08807 1.929E-015 1.534E-014
25r          7.294     0.5849          0          0         0         0
26           7.293     0.5849          0          0         0         0
28           12.58      1.008    0.01121    0.08912 2.572E-015 2.046E-014
27           7.293     0.5848          0          0         0         0
31           7.303     0.5856          0          0         0         0
33           7.292     0.5848          0          0         0         0
29           12.58      1.008    0.01131    0.08991 1.64E-015 1.304E-014
30           12.58      1.008    0.01131    0.08993 1.929E-015 1.534E-014
250          12.58      1.008    0.01131    0.08993 1.438E-015 1.144E-014
32           7.303     0.5856          0          0         0         0
35           12.57      1.008    0.01074    0.08537 1.64E-015 1.304E-014
36           7.247     0.5811          0          0         0         0
40           12.57      1.008    0.01091    0.08676 2.274E-015 1.808E-014
37           7.246     0.5811          0          0         0         0
38           7.272     0.5832          0          0         0         0
39           7.272     0.5831          0          0         0         0
41           7.259     0.5821          0          0         0         0
42           12.57      1.008    0.01108    0.08811 1.929E-015 1.535E-014
43            7.27      0.583          0          0         0         0
44           12.57      1.008    0.01124    0.08945 1.929E-015 1.535E-014
45           7.244     0.5809          0          0         0         0
47           12.57      1.008    0.01134    0.09021 1.929E-015 1.535E-014
46           7.243     0.5809          0          0         0         0
48           12.57      1.008    0.01138    0.09053 2.274E-015 1.809E-014
49           12.57      1.008    0.01137     0.0905 1.929E-015 1.535E-014
50           12.57      1.008    0.01145    0.09109 2.274E-015 1.809E-014
51           12.57      1.008     0.0115    0.09152 2.034E-015 1.618E-014
151          12.57      1.008     0.0115    0.09152 2.034E-015 1.618E-014
52           12.58      1.009    0.01199    0.09528 1.929E-015 1.534E-014
53           12.58      1.009     0.0128     0.1018 2.572E-015 2.045E-014
54           12.57      1.008    0.01325     0.1054 1.64E-015 1.304E-014
55           12.57      1.008    0.01325     0.1054 2.034E-015 1.617E-014
57           12.57      1.008    0.01386     0.1103 2.274E-015 1.809E-014
56           12.57      1.008     0.0132      0.105 2.652E-015 2.109E-014
58           7.268     0.5829          0          0         0         0
60           12.55      1.007    0.01569     0.1249 2.274E-015 1.811E-014
59           7.268     0.5828          0          0         0         0
61           12.55      1.007    0.01569     0.1249 1.64E-015 1.306E-014
62           12.55      1.007    0.01552     0.1236 1.64E-015 1.306E-014
63           12.55      1.007    0.01548     0.1234 1.64E-015 1.306E-014
64           12.55      1.006    0.01514     0.1207 2.274E-015 1.812E-014
65           12.55      1.006    0.01497     0.1193 1.929E-015 1.538E-014
66           12.55      1.006    0.01475     0.1175 1.438E-015 1.146E-014
67           12.65      1.015    0.01103    0.08719 1.929E-015 1.525E-014
68           7.319     0.5869          0          0         0         0
72           12.65      1.015    0.01113      0.088 2.034E-015 1.607E-014
97           12.65      1.015    0.01094    0.08649 2.274E-015 1.797E-014
69           7.318     0.5868          0          0         0         0
70           7.317     0.5867          0          0         0         0
71           7.316     0.5867          0          0         0         0
73           7.291     0.5847          0          0         0         0
76           12.65      1.014    0.01135    0.08971 1.64E-015 1.296E-014
74           7.289     0.5846          0          0         0         0
75           7.289     0.5845          0          0         0         0
77           12.65      1.014    0.01146    0.09062 2.274E-015 1.797E-014
86           12.65      1.014    0.01196    0.09457 2.034E-015 1.608E-014
78           12.65      1.014    0.01144    0.09045 2.652E-015 2.096E-014
79           12.65      1.014     0.0114    0.09014 2.274E-015 1.798E-014
80           12.65      1.014    0.01143    0.09034 2.572E-015 2.034E-014
81           12.65      1.014    0.01134    0.08962 1.64E-015 1.296E-014
82           12.65      1.014    0.01127     0.0891 1.64E-015 1.296E-014
84           7.289     0.5845          0          0         0         0
83           12.65      1.014    0.01125    0.08894 2.274E-015 1.798E-014
85           7.288     0.5844          0          0         0         0
87           12.65      1.014    0.01227    0.09702 1.64E-015 1.296E-014
88           7.316     0.5867          0          0         0         0
89           12.65      1.014    0.01236    0.09775 2.449E-015 1.936E-014
90           7.296     0.5851          0          0         0         0
91           12.65      1.014    0.01233    0.09747 2.572E-015 2.034E-014
92           7.295      0.585          0          0         0         0
93           12.65      1.014    0.01241    0.09814 2.652E-015 2.096E-014
94           7.315     0.5866          0          0         0         0
95           12.65      1.014    0.01256    0.09931 2.449E-015 1.936E-014
96           7.295      0.585          0          0         0         0
98           12.65      1.015    0.01095    0.08658 2.274E-015 1.797E-014
99           12.65      1.015    0.01111    0.08779 2.034E-015 1.607E-014
100          12.65      1.015    0.01105     0.0873 2.034E-015 1.607E-014
450          12.65      1.015    0.01105     0.0873 2.274E-015 1.797E-014
197          12.65      1.015    0.01094    0.08649 1.64E-015 1.296E-014
101          12.65      1.015    0.01085    0.08574 2.274E-015 1.797E-014
102          7.291     0.5847          0          0         0         0
105          12.65      1.015     0.0109    0.08619 2.572E-015 2.033E-014
103           7.29     0.5846          0          0         0         0
104          7.288     0.5845          0          0         0         0
106          7.302     0.5856          0          0         0         0
108          12.65      1.015    0.01067    0.08432 2.274E-015 1.797E-014
107          7.301     0.5855          0          0         0         0
109          7.313     0.5865          0          0         0         0
300          12.65      1.015    0.01067    0.08432 2.449E-015 1.936E-014
110          7.312     0.5864          0          0         0         0
111          7.311     0.5863          0          0         0         0
112          7.311     0.5863          0          0         0         0
113           7.31     0.5862          0          0         0         0
114          7.309     0.5862          0          0         0         0
135          12.58      1.009     0.0104    0.08272 2.274E-015 1.808E-014
152          12.59      1.009    0.01019    0.08096 1.64E-015 1.303E-014
160r         12.66      1.015    0.01087    0.08589 2.274E-015 1.796E-014
160          12.55      1.007    0.01569     0.1249 2.034E-015 1.62E-014
61s          12.55      1.007    0.01569     0.1249 2.274E-015 1.811E-014
300_open     12.57      1.008     0.0115    0.09152 2.034E-015 1.618E-014
94_open      7.246      0.581          0          0         0         0
610         0.4833      1.007  0.0006038     0.1249 6.355E-017 1.315E-014
