Element, Terminal,  I1, %Normal, %Emergency, I2, %I2/I1, I0, %I0/I1, Iresidual, %NEMA
"Vsource.SOURCE",   1,    4111.73,        0,        0,    3958.72,    96.28,    3916.42,    95.25,    11749.3,    189.1
"Vsource.SOURCE",   2,    4111.73,        0,        0,    3958.72,    96.28,    3916.42,    95.25,    11749.3,    189.1
"Transformer.REG1A",   1,    4111.73,    538.2,    394.7,    3958.72,    96.28,    3916.42,    95.25, 5.23869E-009,    189.1
"Transformer.REG1A",   2,    3737.93,        0,        0,    3598.83,    96.28,    3560.39,    95.25, 5.23869E-009,    189.1
"Line.L115",   1,    3737.93,      623,      623,    3598.83,    96.28,    3560.39,    95.25,    10681.2,    189.1
"Line.L115",   2,    3737.94,        0,        0,    3598.83,    96.28,    3560.39,    95.25,    10681.2,    189.1
"Line.L1",   1,          0,        0,        0,          0,        0,          0,        0,     3.2039,        0
"Line.L1",   2,          0,        0,        0,          0,        0,          0,        0,     3.2039,        0
"Line.L2",   1,          0,        0,        0,          0,        0,          0,        0,    16.6768,        0
"Line.L2",   2,          0,        0,        0,          0,        0,          0,        0,    16.6768,        0
"Line.L3",   1,    3731.01,    621.8,    621.8,     3602.7,    96.56,    3560.82,    95.44,    10682.5,    189.7
"Line.L3",   2,    3731.01,        0,        0,     3602.7,    96.56,    3560.82,    95.44,    10682.5,    189.7
"Line.L4",   1,          0,        0,        0,          0,        0,          0,        0,    6.34815,        0
"Line.L4",   2,          0,        0,        0,          0,        0,          0,        0,    6.34815,        0
"Line.L5",   1,          0,        0,        0,          0,        0,          0,        0,    10.3294,        0
"Line.L5",   2,          0,        0,        0,          0,        0,          0,        0,    10.3294,        0
"Line.L6",   1,          0,        0,        0,          0,        0,          0,        0,    6.99762,        0
"Line.L6",   2,          0,        0,        0,          0,        0,          0,        0,    6.99762,        0
"Line.L7",   1,    3730.22,    621.7,    621.7,    3602.43,    96.57,    3561.85,    95.49,    10685.6,    189.7
"Line.L7",   2,    3730.22,        0,        0,    3602.43,    96.57,    3561.85,    95.49,    10685.6,    189.7
"Line.L8",   1,          0,        0,        0,          0,        0,          0,        0,    2.72029,        0
"Line.L8",   2,          0,        0,        0,          0,        0,          0,        0,    2.72029,        0
"Line.L9",   1,          0,        0,        0,          0,        0,          0,        0,    15.1286,        0
"Line.L9",   2,          0,        0,        0,          0,        0,          0,        0,    15.1286,        0
"Line.L10",   1,     3725.9,      621,      621,    3600.34,    96.63,    3566.06,    95.71,    10698.2,    190.1
"Line.L10",   2,     3725.9,        0,        0,    3600.34,    96.63,    3566.06,    95.71,    10698.2,    190.1
"Line.L11",   1,          0,        0,        0,          0,        0,          0,        0,    9.56851,        0
"Line.L11",   2,          0,        0,        0,          0,        0,          0,        0,    9.56851,        0
"Line.L12",   1,          0,        0,        0,          0,        0,          0,        0,    17.3916,        0
"Line.L12",   2,          0,        0,        0,          0,        0,          0,        0,    17.3916,        0
"Line.L13",   1,    3644.77,     1215,    607.5,    3601.59,    98.82,    3576.07,    98.12,    10728.2,    195.9
"Line.L13",   2,    3644.77,        0,        0,    3601.58,    98.81,    3576.07,    98.11,    10728.2,    195.9
"Line.L14",   1,          0,        0,        0,          0,        0,          0,        0,     6.4648,        0
"Line.L14",   2,          0,        0,        0,          0,        0,          0,        0,     6.4648,        0
"Line.L15",   1,          0,        0,        0,          0,        0,          0,        0,    3.10493,        0
"Line.L15",   2,          0,        0,        0,          0,        0,          0,        0,    3.10493,        0
"Line.L16",   1,          0,        0,        0,          0,        0,          0,        0,    6.68219,        0
"Line.L16",   2,          0,        0,        0,          0,        0,          0,        0,    6.68219,        0
"Line.L17",   1,          0,        0,        0,          0,        0,          0,        0,    3.34074,        0
"Line.L17",   2,          0,        0,        0,          0,        0,          0,        0,    3.34074,        0
"Line.L18",   1,          0,        0,        0,          0,        0,          0,        0,    14.3256,        0
"Line.L18",   2,          0,        0,        0,          0,        0,          0,        0,    14.3256,        0
"Line.L19",   1,    3611.52,     1204,    601.9,    3598.62,    99.64,    3593.21,    99.49,    10779.6,    198.8
"Line.L19",   2,    3611.52,        0,        0,    3598.62,    99.64,    3593.21,    99.49,    10779.6,    198.8
"Line.L20",   1,          0,        0,        0,          0,        0,          0,        0,    7.33707,        0
"Line.L20",   2,          0,        0,        0,          0,        0,          0,        0,    7.33707,        0
"Line.L21",   1,          0,        0,        0,          0,        0,          0,        0,    2.09769,        0
"Line.L21",   2,          0,        0,        0,          0,        0,          0,        0,    2.09769,        0
"Line.L22",   1,    3610.98,     1204,    601.8,    3598.08,    99.64,    3592.68,    99.49,      10778,    198.8
"Line.L22",   2,    3610.98,        0,        0,    3598.08,    99.64,    3592.68,    99.49,      10778,    198.8
"Line.L23",   1,          0,        0,        0,          0,        0,          0,        0,    7.26984,        0
"Line.L23",   2,          0,        0,        0,          0,        0,          0,        0,    7.26984,        0
"Line.L24",   1,    3608.84,     1203,    601.5,    3600.14,    99.76,    3592.77,    99.55,    10778.3,      199
"Line.L24",   2,    3608.84,        0,        0,    3600.13,    99.76,    3592.76,    99.55,    10778.3,      199
"Line.L25",   1,          0,        0,        0,          0,        0,          0,        0,    9.48852,        0
"Line.L25",   2,          0,        0,        0,          0,        0,          0,        0,    9.48852,        0
"Line.L26",   1,    3605.86,     1202,      601,    3600.92,    99.86,    3594.95,     99.7,    10784.9,    199.3
"Line.L26",   2,    3605.86,        0,        0,    3600.92,    99.86,    3594.95,     99.7,    10784.9,    199.3
"Line.L27",   1,          0,        0,        0,          0,        0,          0,        0,    6.96443,        0
"Line.L27",   2,          0,        0,        0,          0,        0,          0,        0,    6.96443,        0
"Line.L28",   1,          0,        0,        0,          0,        0,          0,        0,    6.65695,        0
"Line.L28",   2,          0,        0,        0,          0,        0,          0,        0,    6.65695,        0
"Line.L29",   1,          0,        0,        0,          0,        0,          0,        0,    6.96684,        0
"Line.L29",   2,          0,        0,        0,          0,        0,          0,        0,    6.96684,        0
"Line.L30",   1,     3604.4,     1201,    600.7,    3599.77,    99.87,    3597.56,    99.81,    10792.7,    199.6
"Line.L30",   2,     3604.4,        0,        0,    3599.77,    99.87,    3597.56,    99.81,    10792.7,    199.6
"Line.L31",   1,     2.5426,   0.8475,   0.4238,    2.54316,      100,    2.54588,    100.1,    7.63765,    199.8
"Line.L31",   2,    2.54433,        0,        0,    2.54453,      100,    2.54552,      100,    7.63765,    199.9
"Line.L32",   1, 0.00145661, 0.0004855, 0.0002428, 0.000805413,    55.29, 0.000651447,    44.72, 0.00195434,      100
"Line.L32",   2, 1.4416E-011,        0,        0, 4.78144E-011,    331.7, 2.40094E-011,    166.5, 0.00195434,    62.52
"Line.L33",   1,          0,        0,        0,          0,        0,          0,        0,    3.32828,        0
"Line.L33",   2,          0,        0,        0,          0,        0,          0,        0,    3.32828,        0
"Line.L34",   1,          0,        0,        0,          0,        0,          0,        0,    10.0226,        0
"Line.L34",   2,          0,        0,        0,          0,        0,          0,        0,    10.0226,        0
"Line.L35",   1,          0,        0,        0,          0,        0,          0,        0,    6.24318,        0
"Line.L35",   2,          0,        0,        0,          0,        0,          0,        0,    6.24318,        0
"Line.L36",   1,      31.89,    10.63,    5.315,    4.05574,    12.72,    12.4069,    38.91,    37.2206,    51.39
"Line.L36",   2,    31.8912,        0,        0,    4.05589,    12.72,    12.4072,     38.9,    37.2206,    51.39
"Line.L37",   1,          0,        0,        0,          0,        0,          0,        0,    7.70211,        0
"Line.L37",   2,          0,        0,        0,          0,        0,          0,        0,    7.70211,        0
"Line.L38",   1,          0,        0,        0,          0,        0,          0,        0,    2.71191,        0
"Line.L38",   2,          0,        0,        0,          0,        0,          0,        0,    2.71191,        0
"Line.L39",   1,          0,        0,        0,          0,        0,          0,        0,    1.35588,        0
"Line.L39",   2,          0,        0,        0,          0,        0,          0,        0,    1.35588,        0
"Line.L40",   1,          0,        0,        0,          0,        0,          0,        0,    3.51062,        0
"Line.L40",   2,          0,        0,        0,          0,        0,          0,        0,    3.51062,        0
"Line.L41",   1,    30.7255,    10.24,    5.121,    4.13425,    13.46,    11.8399,    38.53,    35.5197,    49.58
"Line.L41",   2,    30.7267,        0,        0,    4.13438,    13.46,    11.8403,    38.53,    35.5197,    49.58
"Line.L42",   1,          0,        0,        0,          0,        0,          0,        0,    2.71241,        0
"Line.L42",   2,          0,        0,        0,          0,        0,          0,        0,    2.71241,        0
"Line.L43",   1,    28.7111,     9.57,    4.785,    4.18374,    14.57,    11.7997,     41.1,    35.3992,    55.24
"Line.L43",   2,    28.7121,        0,        0,    4.18386,    14.57,       11.8,     41.1,    35.3992,    55.24
"Line.L44",   1,          0,        0,        0,          0,        0,          0,        0,    7.15761,        0
"Line.L44",   2,          0,        0,        0,          0,        0,          0,        0,    7.15761,        0
"Line.L45",   1,    26.4414,    8.814,    4.407,    3.48641,    13.19,    10.0692,    38.08,    30.2075,    51.28
"Line.L45",   2,    26.4427,        0,        0,    3.48655,    13.19,    10.0694,    38.08,    30.2075,    51.28
"Line.L46",   1,          0,        0,        0,          0,        0,          0,        0,    3.49125,        0
"Line.L46",   2,          0,        0,        0,          0,        0,          0,        0,    3.49125,        0
"Line.L47",   1,    11.4666,    3.822,    1.911,    1.52534,     13.3,    4.72171,    41.18,    14.1651,    55.15
"Line.L47",   2,    11.4674,        0,        0,    1.52522,     13.3,    4.72177,    41.18,    14.1651,    55.15
"Line.L48",   1,    9.48455,    3.162,    1.581,    1.38986,    14.65,    3.31227,    34.92,    9.93682,    45.56
"Line.L48",   2,    9.48575,        0,        0,    1.38995,    14.65,    3.31212,    34.92,    9.93682,    45.55
"Line.L49",   1,    3.44482,    1.148,   0.5741,    1.60178,     46.5,    2.45514,    71.27,    7.36542,    100.2
"Line.L49",   2,    3.44596,        0,        0,    1.60193,    46.49,    2.45491,    71.24,    7.36542,    100.3
"Line.L50",   1,    1.16189,   0.3873,   0.1936,    1.16576,    100.3,    1.16258,    100.1,    3.48774,      199
"Line.L50",   2,     1.1626,        0,        0,    1.16518,    100.2,    1.16306,      100,    3.48774,    199.3
"Line.L51",   1, 0.00396771, 0.001323, 0.0006613, 0.00117873,    29.71, 0.00126747,    31.94,  0.0038024,    31.76
"Line.L51",   2, 1.201E-007,        0,        0, 7.45593E-008,    62.08, 8.73609E-008,    72.74,  0.0038024,    130.4
"Line.L52",   1,     94.124,    23.53,    15.69,    5.30688,    5.638,    9.10486,    9.673,    27.3146,    11.73
"Line.L52",   2,    94.1249,        0,        0,    5.30699,    5.638,    9.10505,    9.673,    27.3146,    11.73
"Line.L53",   1,    91.9415,    22.99,    15.32,    3.32588,    3.617,    7.47297,    8.128,    22.4189,    7.443
"Line.L53",   2,     91.942,        0,        0,    3.32594,    3.617,    7.47306,    8.128,    22.4189,    7.443
"Line.L54",   1,    1.99458,   0.6649,   0.3324,    1.17015,    58.67,   0.966226,    48.44,    2.89868,    99.73
"Line.L54",   2,    1.99555,        0,        0,    1.17027,    58.64,   0.966489,    48.43,    2.89868,    99.87
"Line.L55",   1,    89.9602,    29.99,    14.99,    2.16078,    2.402,    7.49806,    8.335,    22.4942,    7.991
"Line.L55",   2,    89.9619,        0,        0,    2.16047,    2.402,    7.49815,    8.335,    22.4942,    7.991
"Line.L56",   1,   0.780703,   0.2602,   0.1301,   0.781984,    100.2,   0.782069,    100.2,    2.34621,    199.3
"Line.L56",   2,   0.781873,        0,        0,   0.781873,      100,   0.781873,      100,    2.34621,      200
"Line.L57",   1,          0,        0,        0,          0,        0,          0,        0,     4.6111,        0
"Line.L57",   2,          0,        0,        0,          0,        0,          0,        0,     4.6111,        0
"Line.L58",   1,    88.4257,    29.48,    14.74,    2.44402,    2.764,     9.0336,    10.22,    27.1008,    11.59
"Line.L58",   2,    88.4292,        0,        0,    2.44311,    2.763,     9.0338,    10.22,    27.1008,    11.59
"Line.L59",   1,          0,        0,        0,          0,        0,          0,        0,    2.34316,        0
"Line.L59",   2,          0,        0,        0,          0,        0,          0,        0,    2.34316,        0
"Line.L60",   1, 0.00527077, 0.001757, 0.0008785, 0.000677341,    12.85, 0.00061742,    11.71, 0.00185226,    16.53
"Line.L60",   2, 4.6852E-006,        0,        0, 1.83932E-007,    3.926, 6.84704E-007,    14.61, 0.00185226,     18.6
"Line.L61",   1,    19.6357,    6.545,    3.273,      5.504,    28.03,    4.24989,    21.64,    12.7497,    48.98
"Line.L61",   2,    19.6477,        0,        0,    5.50562,    28.02,     4.2473,    21.62,    12.7497,    48.94
"Line.L62",   1,    17.1997,    5.733,    2.867,    3.17805,    18.48,    1.80411,    10.49,    5.41234,    27.57
"Line.L62",   2,     17.208,        0,        0,    3.17912,    18.47,    1.80208,    10.47,    5.41234,    27.54
"Line.L63",   1,    15.0492,    5.016,    2.508,    4.44338,    29.53,    3.34505,    22.23,    10.0351,    44.66
"Line.L63",   2,    15.0666,        0,        0,    4.44566,    29.51,    3.33789,    22.15,    10.0351,    44.57
"Line.L64",   1,    12.2986,      4.1,     2.05,    5.94699,    48.35,    4.11772,    33.48,    12.3532,    76.82
"Line.L64",   2,    12.3208,        0,        0,    5.94962,    48.29,     4.1135,    33.39,    12.3532,    76.62
"Line.L65",   1,    4.09437,    1.365,   0.6824,    4.10814,    100.3,     4.1135,    100.5,    12.3405,    198.6
"Line.L65",   2,    4.11027,        0,        0,    4.11027,      100,    4.11027,      100,    12.3405,      200
"Line.L66",   1,          0,        0,        0,          0,        0,          0,        0,    17.8684,        0
"Line.L66",   2,          0,        0,        0,          0,        0,          0,        0,    17.8684,        0
"Line.L67",   1,    43.6199,    14.54,     7.27,    2.53569,    5.813,    4.31404,     9.89,    12.9421,    10.97
"Line.L67",   2,    43.6211,        0,        0,    2.53597,    5.814,     4.3139,    9.889,    12.9421,    10.97
"Line.L68",   1,    21.4602,    7.153,    3.577,    2.21928,    10.34,    4.88699,    22.77,     14.661,    27.58
"Line.L68",   2,    21.4612,        0,        0,    2.21905,    10.34,     4.8871,    22.77,     14.661,    27.58
"Line.L69",   1,          0,        0,        0,          0,        0,          0,        0,    14.8896,        0
"Line.L69",   2,          0,        0,        0,          0,        0,          0,        0,    14.8896,        0
"Line.L70",   1,          0,        0,        0,          0,        0,          0,        0,    8.93293,        0
"Line.L70",   2,          0,        0,        0,          0,        0,          0,        0,    8.93293,        0
"Line.L71",   1,          0,        0,        0,          0,        0,          0,        0,    5.95551,        0
"Line.L71",   2,          0,        0,        0,          0,        0,          0,        0,    5.95551,        0
"Line.L72",   1,          0,        0,        0,          0,        0,          0,        0,    18.5997,        0
"Line.L72",   2,          0,        0,        0,          0,        0,          0,        0,    18.5997,        0
"Line.L73",   1,    37.4315,    12.48,    6.239,    6.03059,    16.11,    1.90012,    5.076,    5.70035,    20.23
"Line.L73",   2,    37.4324,        0,        0,    6.03065,    16.11,    1.90023,    5.076,    5.70035,    20.23
"Line.L74",   1,          0,        0,        0,          0,        0,          0,        0,    12.6034,        0
"Line.L74",   2,          0,        0,        0,          0,        0,          0,        0,    12.6034,        0
"Line.L75",   1,          0,        0,        0,          0,        0,          0,        0,    5.99404,        0
"Line.L75",   2,          0,        0,        0,          0,        0,          0,        0,    5.99404,        0
"Line.L76",   1,    11.5788,     3.86,     1.93,   0.346306,    2.991,    1.44308,    12.46,    4.32923,    10.45
"Line.L76",   2,    11.5804,        0,        0,   0.345978,    2.988,    1.44317,    12.46,    4.32923,    10.45
"Line.L77",   1,    11.9315,    3.977,    1.989,      4.131,    34.62,    2.85713,    23.95,    8.57139,     50.6
"Line.L77",   2,    11.9342,        0,        0,    4.13139,    34.62,    2.85732,    23.94,    8.57139,    50.59
"Line.L78",   1,    9.84209,    3.281,     1.64,    1.46719,    14.91,    3.17975,    32.31,    9.53926,     47.4
"Line.L78",   2,    9.84249,        0,        0,    1.46719,    14.91,    3.17978,    32.31,    9.53926,    47.39
"Line.L79",   1,    2.18868,   0.7296,   0.3648,    2.18961,      100,    2.18924,      100,    6.56772,    199.8
"Line.L79",   2,    2.18936,        0,        0,    2.18936,      100,    2.18936,      100,    6.56772,      200
"Line.L80",   1,    7.67442,    2.558,    1.279,    1.92784,    25.12,    2.46765,    32.15,    7.40296,    55.27
"Line.L80",   2,    7.67647,        0,        0,    1.92842,    25.12,    2.46757,    32.14,    7.40296,    55.27
"Line.L81",   1,    5.93882,     1.98,   0.9898,    2.98079,    50.19,    3.94018,    66.35,    11.8205,    100.3
"Line.L81",   2,    5.93958,        0,        0,    2.98095,    50.19,    3.94017,    66.34,    11.8205,    100.4
"Line.L82",   1,    2.96351,   0.9878,   0.4939,    1.47854,    49.89,    1.96149,    66.19,    5.88448,    99.88
"Line.L82",   2,    2.96443,        0,        0,    1.47837,    49.87,    1.96159,    66.17,    5.88448,    99.94
"Line.L83",   1,          0,        0,        0,          0,        0,          0,        0,    8.98791,        0
"Line.L83",   2,          0,        0,        0,          0,        0,          0,        0,    8.98791,        0
"Line.L84",   1,   0.998094,   0.3327,   0.1663,   0.999041,    100.1,    0.99941,    100.1,    2.99823,    199.6
"Line.L84",   2,   0.999341,        0,        0,   0.999341,      100,   0.999341,      100,    2.99823,      200
"Line.L85",   1,          0,        0,        0,          0,        0,          0,        0,    5.99254,        0
"Line.L85",   2,          0,        0,        0,          0,        0,          0,        0,    5.99254,        0
"Line.L86",   1,    11.0656,    3.689,    1.844,    3.37552,     30.5,    2.17605,    19.67,    6.52815,     46.1
"Line.L86",   2,    11.0673,        0,        0,    3.37516,     30.5,    2.17614,    19.66,    6.52815,    46.08
"Line.L87",   1,          0,        0,        0,          0,        0,          0,        0,    5.95581,        0
"Line.L87",   2,          0,        0,        0,          0,        0,          0,        0,    5.95581,        0
"Line.L88",   1,    7.35749,    2.452,    1.226,    1.85098,    25.16,    1.01114,    13.74,    3.03343,    38.33
"Line.L88",   2,    7.35861,        0,        0,    1.85094,    25.15,    1.01108,    13.74,    3.03343,    38.32
"Line.L89",   1,          0,        0,        0,          0,        0,          0,        0,    5.01107,        0
"Line.L89",   2,          0,        0,        0,          0,        0,          0,        0,    5.01107,        0
"Line.L90",   1,    5.68829,   0.1893,    0.948,   0.180615,    3.175,   0.660771,    11.62,    1.98231,    8.905
"Line.L90",   2,    5.68918,        0,        0,   0.180582,    3.174,    0.66081,    11.62,    1.98231,    8.905
"Line.L91",   1,          0,        0,        0,          0,        0,          0,        0,     5.9965,        0
"Line.L91",   2,          0,        0,        0,          0,        0,          0,        0,     5.9965,        0
"Line.L92",   1,    3.71231,    1.237,   0.6187,    2.08025,    56.04,    1.65945,     44.7,    4.97835,    99.86
"Line.L92",   2,    3.71311,        0,        0,    2.07999,    56.02,    1.65954,    44.69,    4.97835,    99.92
"Line.L93",   1,          0,        0,        0,          0,        0,          0,        0,    5.95498,        0
"Line.L93",   2,          0,        0,        0,          0,        0,          0,        0,    5.95498,        0
"Line.L94",   1,    1.73599,   0.5787,   0.2893,    1.73726,    100.1,    1.73728,    100.1,    5.21185,    199.7
"Line.L94",   2,    1.73722,        0,        0,    1.73722,      100,    1.73722,      100,    5.21185,      200
"Line.L95",   1,          0,        0,        0,          0,        0,          0,        0,    2.60557,        0
"Line.L95",   2,          0,        0,        0,          0,        0,          0,        0,    2.60557,        0
"Line.L96",   1,     5.8906,    1.964,   0.9818,   0.209448,    3.556,   0.805828,    13.68,    2.41748,    12.05
"Line.L96",   2,    5.89173,        0,        0,   0.209694,    3.559,   0.805824,    13.68,    2.41748,    12.05
"Line.L97",   1,    3.92957,     1.31,   0.6549,    2.19506,    55.86,    1.82471,    46.44,    5.47414,    99.63
"Line.L97",   2,    3.93212,        0,        0,    2.19553,    55.84,    1.82427,    46.39,    5.47414,    99.76
"Line.L98",   1,    2.19882,   0.7329,   0.3665,     2.2042,    100.2,    2.20492,    100.3,    6.61476,    199.1
"Line.L98",   2,    2.20032,        0,        0,    2.20424,    100.2,    2.20476,    100.2,    6.61476,    199.4
"Line.L99",   1, 0.00725647, 0.002419, 0.001209, 0.000834391,     11.5, 0.000643732,    8.871,  0.0019312,    12.86
"Line.L99",   2, 9.90751E-012,        0,        0, 9.90751E-012,      100, 9.09495E-012,     91.8,  0.0019312,    81.07
"Line.L118",   1,    15.5716,    5.191,    2.595,    2.42807,    15.59,    4.22532,    27.13,     12.676,     37.8
"Line.L118",   2,    15.5726,        0,        0,    2.42784,    15.59,    4.22544,    27.13,     12.676,     37.8
"Line.L100",   1,          0,        0,        0,          0,        0,          0,        0,    14.9871,        0
"Line.L100",   2,          0,        0,        0,          0,        0,          0,        0,    14.9871,        0
"Line.L101",   1,    10.6466,    3.549,    1.774,    6.68842,    62.82,     5.7769,    54.26,    17.3307,    102.2
"Line.L101",   2,    10.6475,        0,        0,     6.6883,    62.82,    5.77712,    54.26,    17.3307,    102.2
"Line.L102",   1,          0,        0,        0,          0,        0,          0,        0,    11.9889,        0
"Line.L102",   2,          0,        0,        0,          0,        0,          0,        0,    11.9889,        0
"Line.L103",   1,          0,        0,        0,          0,        0,          0,        0,    5.99336,        0
"Line.L103",   2,          0,        0,        0,          0,        0,          0,        0,    5.99336,        0
"Line.L104",   1,          0,        0,        0,          0,        0,          0,        0,    10.4314,        0
"Line.L104",   2,          0,        0,        0,          0,        0,          0,        0,    10.4314,        0
"Line.L105",   1,    7.19104,    2.397,    1.199,     7.1962,    100.1,    7.19412,      100,    21.5824,    199.7
"Line.L105",   2,    7.19203,        0,        0,    7.19593,    100.1,    7.19436,      100,    21.5824,    199.7
"Line.L106",   1,          0,        0,        0,          0,        0,          0,        0,     5.2148,        0
"Line.L106",   2,          0,        0,        0,          0,        0,          0,        0,     5.2148,        0
"Line.L107",   1,          0,        0,        0,          0,        0,          0,        0,    21.5853,        0
"Line.L107",   2,          0,        0,        0,          0,        0,          0,        0,    21.5853,        0
"Line.L108",   1, 0.00907005, 0.003023, 0.001512,   0.001044,    11.51, 0.000803274,    8.856, 0.00240982,    12.87
"Line.L108",   2, 3.83689E-012,        0,        0, 2.99847E-012,    78.15, 4.89778E-012,    127.6, 0.00240982,    63.29
"Line.L109",   1,          0,        0,        0,          0,        0,          0,        0,    15.6324,        0
"Line.L109",   2,          0,        0,        0,          0,        0,          0,        0,    15.6324,        0
"Line.L110",   1,          0,        0,        0,          0,        0,          0,        0,    2.97454,        0
"Line.L110",   2,          0,        0,        0,          0,        0,          0,        0,    2.97454,        0
"Line.L111",   1,          0,        0,        0,          0,        0,          0,        0,    12.6588,        0
"Line.L111",   2,          0,        0,        0,          0,        0,          0,        0,    12.6588,        0
"Line.L112",   1,          0,        0,        0,          0,        0,          0,        0,     9.5341,        0
"Line.L112",   2,          0,        0,        0,          0,        0,          0,        0,     9.5341,        0
"Line.L113",   1,          0,        0,        0,          0,        0,          0,        0,     2.9745,        0
"Line.L113",   2,          0,        0,        0,          0,        0,          0,        0,     2.9745,        0
"Line.L114",   1,    37.3164,    12.44,    6.219,    6.18659,    16.58,       13.6,    36.45,       40.8,    43.21
"Line.L114",   2,    37.3181,        0,        0,    6.18571,    16.58,    13.6003,    36.44,       40.8,    43.21
"Line.L116",   1,    96.3075,    24.08,    16.05,    7.41986,    7.704,    10.9428,    11.36,    32.8284,    16.03
"Line.L116",   2,    96.3093,        0,        0,     7.4201,    7.704,    10.9432,    11.36,    32.8284,    16.03
"Line.L117",   1,     70.915,    23.64,    11.82,    5.97322,    8.423,    11.3666,    16.03,    34.0999,    19.35
"Line.L117",   2,    70.9165,        0,        0,     5.9728,    8.422,    11.3667,    16.03,    34.0999,    19.35
"Line.SW1",   1,    3737.93,      623,      623,    3598.83,    96.28,    3560.39,    95.25,    10681.2,    189.1
"Line.SW1",   2,    3737.93,        0,        0,    3598.83,    96.28,    3560.39,    95.25,    10681.2,    189.1
"Line.SW2",   1,    96.3075,    24.08,    16.05,    7.41986,    7.704,    10.9428,    11.36,    32.8284,    16.03
"Line.SW2",   2,    96.3075,        0,        0,    7.41986,    7.704,    10.9428,    11.36,    32.8284,    16.03
"Line.SW3",   1,    37.3164,    9.329,    6.219,    6.18659,    16.58,       13.6,    36.45,       40.8,    43.21
"Line.SW3",   2,    37.3164,        0,        0,    6.18659,    16.58,       13.6,    36.45,       40.8,    43.21
"Line.SW4",   1,    67.7232,    16.93,    11.29,    6.06277,    8.952,    6.42663,     9.49,    19.2799,     12.5
"Line.SW4",   2,    67.7232,        0,        0,    6.06277,    8.952,    6.42663,     9.49,    19.2799,     12.5
"Line.SW5",   1,    15.5716,    3.893,    2.595,    2.42807,    15.59,    4.22532,    27.13,     12.676,     37.8
"Line.SW5",   2,    15.5716,        0,        0,    2.42807,    15.59,    4.22532,    27.13,     12.676,     37.8
"Line.SW6",   1, 4.92931E-006, 1.232E-006, 8.216E-007, 2.36927E-007,    4.806, 8.10467E-007,    16.44, 2.4314E-006,    18.38
"Line.SW6",   2, 4.92931E-006,        0,        0, 2.36927E-007,    4.806, 8.10467E-007,    16.44, 2.4314E-006,    18.38
"Line.SW7",   1,          0,        0,        0,          0,        0,          0,        0,          0,        0
"Line.SW7",   2,          0,        0,        0,          0,        0,          0,        0,          0,        0
"Line.SW8",   1,          0,        0,        0,          0,        0,          0,        0,          0,        0
"Line.SW8",   2,          0,        0,        0,          0,        0,          0,        0,          0,        0
"Transformer.XFM1",   1, 4.70512E-006, 6.159E-005, 4.517E-005, 3.31883E-007,    7.054, 5.51048E-007,    11.71, 1.65314E-006,     18.8
"Transformer.XFM1",   2, 8.70648E-013,        0,        0, 4.01325E-013,    46.09, 1.07185E-013,    12.31, 1.65314E-006,    31.57
"Capacitor.C92C",   1,          0,        0,        0,          0,        0,          0,        0, 7.66461E-009,        0
"Capacitor.C92C",   2,          0,        0,        0,          0,        0,          0,        0, 7.66461E-009,        0
"Transformer.REG2A",   1,          0,        0,        0,          0,        0,          0,        0,          0,        0
"Transformer.REG2A",   2,          0,        0,        0,          0,        0,          0,        0,          0,        0
"Transformer.REG3A",   1,          0,        0,        0,          0,        0,          0,        0,          0,        0
"Transformer.REG3A",   2,          0,        0,        0,          0,        0,          0,        0,          0,        0
"Transformer.REG4A",   1,          0,        0,        0,          0,        0,          0,        0,          0,        0
"Transformer.REG4A",   2,          0,        0,        0,          0,        0,          0,        0,          0,        0
"Transformer.REG3C",   1,          0,        0,        0,          0,        0,          0,        0,          0,        0
"Transformer.REG3C",   2,          0,        0,        0,          0,        0,          0,        0,          0,        0
"Transformer.REG4B",   1,          0,        0,        0,          0,        0,          0,        0,          0,        0
"Transformer.REG4B",   2,          0,        0,        0,          0,        0,          0,        0,          0,        0
"Transformer.REG4C",   1,          0,        0,        0,          0,        0,          0,        0,          0,        0
"Transformer.REG4C",   2,          0,        0,        0,          0,        0,          0,        0,          0,        0
"Load.S1A",   1,          0,        0,        0,          0,        0,          0,        0,          0,        0
"Load.S2B",   1,          0,        0,        0,          0,        0,          0,        0,          0,        0
"Load.S4C",   1,          0,        0,        0,          0,        0,          0,        0,          0,        0
"Load.S5C",   1,          0,        0,        0,          0,        0,          0,        0,          0,        0
"Load.S6C",   1,          0,        0,        0,          0,        0,          0,        0,          0,        0
"Load.S7A",   1,          0,        0,        0,          0,        0,          0,        0,          0,        0
"Load.S9A",   1,          0,        0,        0,          0,        0,          0,        0,          0,        0
"Load.S10A",   1,          0,        0,        0,          0,        0,          0,        0,          0,        0
"Load.S11A",   1,          0,        0,        0,          0,        0,          0,        0,          0,        0
"Load.S12B",   1,          0,        0,        0,          0,        0,          0,        0,          0,        0
"Load.S16C",   1,          0,        0,        0,          0,        0,          0,        0,          0,        0
"Load.S17C",   1,          0,        0,        0,          0,        0,          0,        0,          0,        0
"Load.S19A",   1,          0,        0,        0,          0,        0,          0,        0,          0,        0
"Load.S20A",   1,          0,        0,        0,          0,        0,          0,        0,          0,        0
"Load.S22B",   1,          0,        0,        0,          0,        0,          0,        0,          0,        0
"Load.S24C",   1,          0,        0,        0,          0,        0,          0,        0,          0,        0
"Load.S28A",   1,          0,        0,        0,          0,        0,          0,        0,          0,        0
"Load.S29A",   1,          0,        0,        0,          0,        0,          0,        0,          0,        0
"Load.S30C",   1,          0,        0,        0,          0,        0,          0,        0,          0,        0
"Load.S31C",   1,          0,        0,        0,          0,        0,          0,        0,          0,        0
"Load.S32C",   1,          0,        0,        0,          0,        0,          0,        0,          0,        0
"Load.S33A",   1,          0,        0,        0,          0,        0,          0,        0,          0,        0
"Load.S34C",   1,          0,        0,        0,          0,        0,          0,        0,          0,        0
"Load.S35A",   1,          0,        0,        0,          0,        0,          0,        0,          0,        0
"Load.S37A",   1,          0,        0,        0,          0,        0,          0,        0,          0,        0
"Load.S38B",   1,          0,        0,        0,          0,        0,          0,        0,          0,        0
"Load.S39B",   1,          0,        0,        0,          0,        0,          0,        0,          0,        0
"Load.S41C",   1,          0,        0,        0,          0,        0,          0,        0,          0,        0
"Load.S42A",   1,          0,        0,        0,          0,        0,          0,        0,          0,        0
"Load.S43B",   1,          0,        0,        0,          0,        0,          0,        0,          0,        0
"Load.S45A",   1,          0,        0,        0,          0,        0,          0,        0,          0,        0
"Load.S46A",   1,          0,        0,        0,          0,        0,          0,        0,          0,        0
"Load.S47",   1,    5.50225,        0,        0,   0.684888,    12.45,    2.20721,    40.11,          0,    53.26
"Load.S48",   1,    11.4674,        0,        0,    1.52522,     13.3,    4.72177,    41.18,          0,    55.15
"Load.S49A",   1,          0,        0,        0,          0,        0,          0,        0,          0,        0
"Load.S49B",   1,          0,        0,        0,          0,        0,          0,        0,          0,        0
"Load.S49C",   1,          0,        0,        0,          0,        0,          0,        0,          0,        0
"Load.S50C",   1,          0,        0,        0,          0,        0,          0,        0,          0,        0
"Load.S51A",   1,          0,        0,        0,          0,        0,          0,        0,          0,        0
"Load.S52A",   1,          0,        0,        0,          0,        0,          0,        0,          0,        0
"Load.S53A",   1,          0,        0,        0,          0,        0,          0,        0,          0,        0
"Load.S55A",   1,          0,        0,        0,          0,        0,          0,        0,          0,        0
"Load.S56B",   1,          0,        0,        0,          0,        0,          0,        0,          0,        0
"Load.S58B",   1,          0,        0,        0,          0,        0,          0,        0,          0,        0
"Load.S59B",   1,          0,        0,        0,          0,        0,          0,        0,          0,        0
"Load.S60A",   1,          0,        0,        0,          0,        0,          0,        0,          0,        0
"Load.S62C",   1,          0,        0,        0,          0,        0,          0,        0,          0,        0
"Load.S63A",   1,          0,        0,        0,          0,        0,          0,        0,          0,        0
"Load.S64B",   1,          0,        0,        0,          0,        0,          0,        0,          0,        0
"Load.S65A",   1,          0,        0,        0,          0,        0,          0,        0,          0,        0
"Load.S65B",   1,          0,        0,        0,          0,        0,          0,        0,          0,        0
"Load.S65C",   1,          0,        0,        0,          0,        0,          0,        0,          0,        0
"Load.S66C",   1,          0,        0,        0,          0,        0,          0,        0,          0,        0
"Load.S68A",   1,          0,        0,        0,          0,        0,          0,        0,          0,        0
"Load.S69A",   1,          0,        0,        0,          0,        0,          0,        0,          0,        0
"Load.S70A",   1,          0,        0,        0,          0,        0,          0,        0,          0,        0
"Load.S71A",   1,          0,        0,        0,          0,        0,          0,        0,          0,        0
"Load.S73C",   1,          0,        0,        0,          0,        0,          0,        0,          0,        0
"Load.S74C",   1,          0,        0,        0,          0,        0,          0,        0,          0,        0
"Load.S75C",   1,          0,        0,        0,          0,        0,          0,        0,          0,        0
"Load.S76A",   1,          0,        0,        0,          0,        0,          0,        0,          0,        0
"Load.S76B",   1,          0,        0,        0,          0,        0,          0,        0,          0,        0
"Load.S76C",   1,          0,        0,        0,          0,        0,          0,        0,          0,        0
"Load.S77B",   1,          0,        0,        0,          0,        0,          0,        0,          0,        0
"Load.S79A",   1,          0,        0,        0,          0,        0,          0,        0,          0,        0
"Load.S80B",   1,          0,        0,        0,          0,        0,          0,        0,          0,        0
"Load.S82A",   1,          0,        0,        0,          0,        0,          0,        0,          0,        0
"Load.S83C",   1,          0,        0,        0,          0,        0,          0,        0,          0,        0
"Load.S84C",   1,          0,        0,        0,          0,        0,          0,        0,          0,        0
"Load.S85C",   1,          0,        0,        0,          0,        0,          0,        0,          0,        0
"Load.S86B",   1,          0,        0,        0,          0,        0,          0,        0,          0,        0
"Load.S87B",   1,          0,        0,        0,          0,        0,          0,        0,          0,        0
"Load.S88A",   1,          0,        0,        0,          0,        0,          0,        0,          0,        0
"Load.S90B",   1,          0,        0,        0,          0,        0,          0,        0,          0,        0
"Load.S92C",   1,          0,        0,        0,          0,        0,          0,        0,          0,        0
"Load.S94A",   1,          0,        0,        0,          0,        0,          0,        0,          0,        0
"Load.S95B",   1,          0,        0,        0,          0,        0,          0,        0,          0,        0
"Load.S96B",   1,          0,        0,        0,          0,        0,          0,        0,          0,        0
"Load.S98A",   1,          0,        0,        0,          0,        0,          0,        0,          0,        0
"Load.S99B",   1,          0,        0,        0,          0,        0,          0,        0,          0,        0
"Load.S100C",   1,          0,        0,        0,          0,        0,          0,        0,          0,        0
"Load.S102C",   1,          0,        0,        0,          0,        0,          0,        0,          0,        0
"Load.S103C",   1,          0,        0,        0,          0,        0,          0,        0,          0,        0
"Load.S104C",   1,          0,        0,        0,          0,        0,          0,        0,          0,        0
"Load.S106B",   1,          0,        0,        0,          0,        0,          0,        0,          0,        0
"Load.S107B",   1,          0,        0,        0,          0,        0,          0,        0,          0,        0
"Load.S109A",   1,          0,        0,        0,          0,        0,          0,        0,          0,        0
"Load.S111A",   1,          0,        0,        0,          0,        0,          0,        0,          0,        0
"Load.S112A",   1,          0,        0,        0,          0,        0,          0,        0,          0,        0
"Load.S113A",   1,          0,        0,        0,          0,        0,          0,        0,          0,        0
"Load.S114A",   1,          0,        0,        0,          0,        0,          0,        0,          0,        0
